id	tahunke1	tahunke2	idx
1	2012	2016	3.18
2	2013	2016	3.60667
3	2007	2016	2.56
4	2008	2016	2.81333
5	2008	2016	2.98667
6	2008	2016	2.95333
7	2009	2016	2.96
8	2009	2016	2.68
9	2009	2016	2.67333
10	2009	2016	2.58
11	2009	2016	2.73333
12	2009	2016	2.59333
13	2009	2016	2.55333
14	2009	2016	2.50667
15	2009	2016	2.46
16	2009	2016	2.51333
17	2009	2016	2.56667
18	2009	2016	3.02
19	2009	2016	3.16667
20	2009	2016	2.56667
21	2009	2016	2.19333
22	2009	2016	2.52667
23	2009	2016	2.46667
24	2009	2016	2.66
25	2009	2016	2.69333
26	2009	2016	3.66
27	2009	2016	2.62
28	2009	2016	2.64626
29	2009	2016	2.35333
30	2009	2016	2.44667
31	2009	2016	2.58667
32	2009	2016	2.39333
33	2009	2016	2.56667
34	2009	2016	2.55333
35	2012	2016	3.04
36	2010	2016	2.52667
37	2010	2016	2.74
38	2010	2016	2.88
39	2010	2016	2.84
40	2010	2016	2.57333
41	2010	2016	2.62667
42	2010	2016	2.68667
43	2010	2016	2.98667
44	2010	2016	2.4
45	2010	2016	3.04
46	2010	2016	3.19333
47	2010	2016	2.79333
48	2010	2016	2.86667
49	2010	2016	2.59333
50	2010	2016	2.57333
51	2010	2016	2.80667
52	2010	2016	2.72667
53	2010	2016	3
54	2010	2016	3.34667
55	2010	2016	3.04
56	2010	2016	2.80667
57	2010	2016	2.8
58	2010	2016	2.4
59	2010	2016	3.12667
60	2010	2016	2.84
61	2010	2016	2.67333
62	2010	2016	2.99333
63	2010	2016	2.80667
64	2010	2016	2.88
65	2010	2016	2.76667
66	2010	2016	2.84
67	2010	2016	2.72667
68	2010	2016	2.84
69	2010	2016	2.58
70	2010	2016	3.05333
71	2010	2016	3.06
72	2010	2016	2.62
73	2010	2016	2.88
74	2010	2016	2.88
75	2012	2016	3.86
76	2010	2016	2.59333
77	2010	2016	2.79333
78	2010	2016	2.82
79	2010	2016	2.94667
80	2010	2016	3.11333
81	2010	2016	2.9
82	2010	2016	2.85333
83	2010	2016	2.63333
84	2010	2016	2.78
85	2010	2016	2.74
86	2010	2016	2.73333
87	2010	2016	2.85333
88	2010	2016	2.42667
89	2010	2016	2.78
90	2010	2016	2.87333
91	2010	2016	2.78
92	2010	2016	2.48
93	2012	2016	3.16667
94	2010	2016	3.2
95	2010	2016	2.75333
96	2010	2016	2.63333
97	2010	2016	3.25333
98	2010	2016	3.02
99	2010	2016	2.76667
100	2012	2016	3.42
101	2010	2016	2.55333
102	2010	2016	2.88667
103	2010	2016	2.86667
104	2010	2016	2.78667
105	2010	2016	2.87333
106	2010	2016	3.2
107	2010	2016	2.88
108	2010	2016	2.74667
109	2010	2016	2.66
110	2010	2016	3.23333
111	2010	2016	2.58
112	2010	2016	2.73333
113	2010	2016	2.93333
114	2010	2016	2.94667
115	2010	2016	2.88667
116	2010	2016	2.77333
117	2010	2016	3.08667
118	2010	2016	2.82667
119	2010	2016	2.78667
120	2010	2016	2.56667
121	2010	2016	2.63333
122	2010	2016	2.81333
123	2010	2016	2.64667
124	2010	2016	2.62667
125	2010	2016	3.52
126	2011	2016	3.28667
127	2011	2016	3.43333
128	2011	2016	2.99333
129	2011	2016	3.38667
130	2011	2016	3.03333
131	2011	2016	3.14667
132	2012	2016	3.49333
133	2011	2016	3.13333
134	2012	2016	3.26
135	2011	2016	3.27333
136	2011	2016	3.5
137	2011	2016	2.97333
138	2011	2016	3.68
139	2011	2016	2.92
140	2011	2016	3.46
141	2012	2016	2.96667
142	2012	2016	3.09333
143	2011	2016	3.04
144	2011	2016	3.18
145	2011	2016	3.05333
146	2011	2016	3.02
147	2011	2016	3.34667
148	2012	2016	3.06
149	2011	2016	3.30667
150	2011	2016	3.16
151	2011	2016	2.94667
152	2011	2016	3.28
153	2011	2016	3.18667
154	2011	2016	3.12
155	2011	2016	2.9
156	2011	2016	2.85333
157	2011	2016	2.85333
158	2012	2016	3.12667
159	2011	2016	2.80667
160	2011	2016	3.07333
161	2011	2016	2.87333
162	2012	2016	3.23333
163	2011	2016	3.18667
164	2011	2016	3.13333
165	2012	2016	3.65333
166	2011	2016	3.26
167	2012	2016	3.36667
168	2012	2016	3.14
169	2011	2016	3.11333
170	2011	2016	2.96667
171	2011	2016	2.74667
172	2012	2016	3.38
173	2011	2016	2.90667
174	2011	2016	2.85333
175	2012	2016	3.44667
176	2012	2016	3.19333
177	2012	2016	3.10667
178	2011	2016	3.28
179	2011	2016	2.73333
180	2011	2016	3.10667
181	2011	2016	2.52
182	2012	2016	3.3
183	2012	2016	3.32667
184	2011	2016	2.91333
185	2011	2016	3.12667
186	2011	2016	2.6
187	2012	2016	3.34
188	2011	2016	3.12
189	2012	2016	2.94
190	2011	2016	3.32
191	2011	2016	2.94
192	2011	2016	3.09333
193	2011	2016	2.8
194	2012	2016	3.18
195	2012	2016	3.28667
196	2011	2016	3.14
197	2011	2016	3.11333
198	2011	2016	2.78
199	2011	2016	3.25333
200	2011	2016	3.04
201	2011	2016	3.09333
202	2011	2016	3.00667
203	2011	2016	2.76667
204	2011	2016	2.92667
205	2011	2016	2.58
206	2011	2016	2.86667
207	2011	2016	2.72
208	2011	2016	3.02667
209	2011	2016	2.85333
210	2011	2016	3.24667
211	2011	2016	3.29333
212	2012	2016	3.24667
213	2011	2016	2.78667
214	2011	2016	3.11333
215	2011	2016	2.86
216	2011	2016	3.04667
217	2011	2016	3.26
218	2011	2016	3.2
219	2011	2016	3.28
220	2011	2016	2.99333
221	2011	2016	3.13333
222	2011	2016	3.15333
223	2011	2016	3.11333
224	2011	2016	2.95333
225	2011	2016	2.96
226	2011	2016	3.00667
227	2011	2016	3.18
228	2011	2016	3.12
229	2011	2016	3.21333
230	2011	2016	3.12667
231	2011	2016	2.96667
232	2011	2016	3.52667
233	2011	2016	3.22667
234	2011	2016	2.96667
235	2011	2016	3.09333
236	2011	2016	3.05333
237	2012	2016	3.58667
238	2011	2016	3.48
239	2011	2016	3.41333
240	2011	2016	3.44667
241	2011	2016	2.85333
242	2011	2016	2.81333
243	2011	2016	3.21333
244	2011	2016	2.89333
245	2011	2016	3.30667
246	2012	2016	3.10667
247	2011	2016	3.10667
248	2011	2016	3.05333
249	2011	2016	3.34
250	2011	2016	3.17333
251	2012	2016	3.11333
252	2011	2016	3.25333
253	2012	2016	3.51333
254	2011	2016	3.06667
255	2011	2016	2.77333
256	2011	2016	3.01333
257	2011	2016	3.06
258	2011	2016	3.27333
259	2011	2016	2.81333
260	2011	2016	2.76667
261	2011	2016	2.9
262	2011	2016	3.14667
263	2011	2016	2.82667
264	2011	2016	2.85333
265	2011	2016	2.92667
266	2011	2016	2.66
267	2011	2016	3
268	2011	2016	3.36667
269	2011	2016	3.18667
270	2011	2016	3.14
271	2011	2016	3.18
272	2011	2016	2.58667
273	2011	2016	3.06667
274	2011	2016	3.46667
275	2011	2016	2.92
276	2011	2016	3.45333
277	2011	2016	3.25333
278	2011	2016	3.08667
279	2011	2016	3.16
280	2011	2016	2.87333
281	2011	2016	3.00667
282	2011	2016	3.29333
283	2011	2016	3.03333
284	2011	2016	3.23333
285	2011	2016	3.26667
286	2011	2016	3.53333
287	2011	2016	3.3
288	2011	2016	3.22667
289	2011	2016	2.72
290	2011	2016	2.9
291	2011	2016	2.62667
292	2011	2016	3.18
293	2011	2016	2.71333
294	2011	2016	3.32667
295	2011	2016	3.14
296	2011	2016	2.95333
297	2012	2016	2.97333
298	2011	2016	3.13333
299	2011	2016	3.44667
300	2011	2016	3.22
301	2011	2016	3.18667
302	2011	2016	3.34667
303	2011	2016	3.02
304	2011	2016	3.34
305	2011	2016	2.81333
306	2011	2016	3.12
307	2011	2016	3.10667
308	2011	2016	3.28667
309	2011	2016	3.11333
310	2011	2016	2.73333
311	2012	2016	3.33333
312	2011	2016	2.80667
313	2011	2016	3.21333
314	2011	2016	3.34
315	2011	2016	2.94667
316	2011	2016	3.06667
317	2012	2016	3.13333
318	2011	2016	3
319	2011	2016	2.99333
320	2011	2016	3.34667
321	2012	2016	3.46667
322	2011	2016	2.79333
323	2011	2016	3.12
324	2011	2016	2.98667
325	2012	2016	3.08
326	2011	2016	2.86667
327	2011	2016	2.77333
328	2011	2016	2.8
329	2011	2016	3.13333
330	2011	2016	2.65333
331	2011	2016	2.84
332	2011	2016	2.56
333	2011	2016	2.79333
334	2011	2016	2.98
335	2011	2016	2.78667
336	2011	2016	3.36667
337	2011	2016	3.37333
338	2011	2016	2.68
339	2011	2016	2.68
340	2011	2016	2.79333
341	2012	2016	3.72
342	2011	2016	3.20667
343	2011	2016	3.15333
344	2011	2016	2.80667
345	2011	2016	2.97333
346	2011	2016	3.12
347	2011	2016	2.81333
348	2012	2016	3.52
349	2011	2016	3.43333
350	2011	2016	3.38
351	2011	2016	2.82
352	2011	2016	3.22
353	2012	2016	3.40667
354	2011	2016	2.88667
355	2011	2016	3.00667
356	2011	2016	2.80667
357	2012	2016	3.32
358	2011	2016	2.98667
359	2011	2016	2.74
360	2011	2016	3.44
361	2011	2016	3.31333
362	2011	2016	2.74
363	2011	2016	3.23333
364	2011	2016	2.87333
365	2011	2016	3.01333
366	2011	2016	2.94667
367	2011	2016	2.80667
368	2011	2016	3.09333
369	2011	2016	2.84667
370	2011	2016	3.18667
371	2011	2016	2.75333
372	2011	2016	2.87333
373	2011	2016	3.35333
374	2011	2016	2.96
375	2011	2016	3.48
376	2011	2016	2.92
377	2011	2016	3.30667
378	2011	2016	2.78
379	2011	2016	3.43333
380	2012	2016	3.20667
381	2011	2016	3.40667
382	2011	2016	3.15333
383	2012	2016	3.42667
384	2012	2016	3.31333
385	2012	2016	2.9
386	2012	2016	3.5
387	2012	2016	3.02667
388	2012	2016	3.16667
389	2012	2016	3.14
390	2012	2016	3.44
391	2012	2016	3.32
392	2012	2016	3.08667
393	2012	2016	3.25333
394	2012	2016	3.04
395	2012	2016	3.45333
396	2012	2016	3.69333
397	2012	2016	3.44
398	2012	2016	3.58
399	2012	2016	3.26667
400	2012	2016	3.34667
401	2012	2016	3.59333
402	2012	2016	3.46667
403	2012	2016	3.25333
404	2012	2016	3.44
405	2012	2016	3.46667
406	2012	2016	3.30667
407	2012	2016	3.22667
408	2012	2016	3.24667
409	2012	2016	2.90667
410	2012	2016	3.34667
411	2012	2016	3.18667
412	2012	2016	3.42667
413	2012	2016	3.51333
414	2012	2016	3.34667
415	2012	2016	3.2
416	2012	2016	3.18
417	2013	2016	3.77333
418	2012	2017	2.83333
419	2012	2017	2.80667
420	2012	2018	2.51333
421	2012	2018	2.57333
422	2012	2018	2.54667
423	2012	2018	2.88667
424	2012	2018	2.79333
425	2012	2018	2.33333
426	2012	2018	2.77333
427	2012	2018	2.69333
428	2012	2018	2.93333
429	2012	2018	2.78667
430	2012	2018	2.87333
431	2012	2018	2.72
432	2012	2018	2.76667
433	2012	2018	3.27333
434	2012	2018	3.06
435	2012	2018	3.08
436	2012	2018	2.42667
437	2012	2018	2.77333
438	2012	2018	2.59333
439	2012	2018	3.27333
440	2012	2018	2.83333
441	2012	2018	2.70667
442	2012	2018	3.08
443	2012	2018	2.84
444	2012	2018	2.76667
445	2012	2018	2.86
446	2012	2018	3.06
447	2012	2018	2.76667
448	2012	2018	2.58667
449	2012	2018	2.62667
450	2012	2018	2.51333
451	2012	2018	2.45333
452	2012	2018	2.63333
453	2012	2018	2.63333
454	2012	2018	2.52667
455	2012	2018	2.66
456	2012	2018	2.78
457	2012	2018	2.6
458	2012	2018	2.85333
459	2012	2018	2.85333
460	2012	2018	2.58
461	2012	2018	2.67333
462	2012	2018	2.81333
463	2012	2018	2.71333
464	2012	2018	2.72667
465	2012	2018	2.48
466	2012	2018	2.54667
467	2015	2018	3.4
468	2012	2018	2.76667
469	2012	2018	2.58667
470	2012	2018	2.48
471	2012	2018	2.50667
472	2012	2018	2.74
473	2012	2018	2.83333
474	2012	2018	2.64
475	2012	2018	2.93333
476	2011	2018	2.84667
477	2012	2018	2.98
478	2012	2018	2.70667
479	2012	2018	2.74667
480	2012	2018	3
481	2012	2018	3.05333
482	2012	2018	2.74
483	2011	2018	2.69333
484	2012	2018	2.66667
485	2011	2018	2.78667
486	2012	2018	2.70667
487	2012	2018	2.80667
488	2012	2018	2.96667
489	2012	2018	2.98
490	2012	2018	2.82
491	2012	2018	2.46667
492	2012	2018	2.89333
493	2012	2018	2.98
494	2012	2018	2.89333
495	2011	2018	3.12667
496	2012	2018	2.62667
497	2012	2018	2.86667
498	2012	2018	2.78667
499	2012	2018	2.54
500	2012	2018	2.49333
501	2012	2018	2.44
502	2012	2018	2.72
503	2011	2018	2.74
504	2012	2018	2.44667
505	2011	2018	2.87333
506	2011	2018	2.76667
507	2011	2018	3.01333
508	2011	2018	2.85333
509	2011	2018	2.72667
510	2012	2018	2.78
511	2011	2018	2.76
512	2011	2018	3.1
513	2011	2018	2.65333
514	2012	2018	2.64
515	2012	2018	2.76
516	2011	2018	2.68667
517	2012	2018	2.50667
518	2012	2018	2.84
519	2012	2018	2.77333
520	2012	2018	2.88667
521	2012	2018	2.98
522	2012	2018	3.2
523	2012	2018	2.51333
524	2011	2018	2.54667
525	2011	2018	2.56667
526	2012	2018	2.75333
527	2012	2018	2.83333
528	2011	2018	2.76
529	2012	2018	2.86667
530	2012	2018	2.85333
531	2011	2018	2.65333
532	2011	2018	2.56
533	2011	2018	2.60667
534	2011	2018	2.56667
535	2012	2018	2.52
536	2011	2018	3.08667
537	2011	2018	2
538	2011	2018	2.74667
539	2012	2018	2.57333
540	2011	2018	2.56667
541	2011	2018	2.73333
542	2012	2018	2.61333
543	2012	2018	3.39333
544	2012	2018	2.53333
545	2012	2018	2.56667
546	2011	2018	2.82667
547	2012	2018	2.97333
548	2012	2018	3
549	2012	2018	3.15333
550	2011	2018	2.76
551	2011	2018	2.91333
552	2011	2018	3.05333
553	2011	2018	2.84
554	2012	2018	2.86667
555	2011	2018	2.55333
556	2012	2018	2.75333
557	2011	2018	2.72
558	2011	2018	2.7
559	2011	2018	2.7
560	2010	2018	2.70667
561	2010	2018	2.52667
562	2010	2018	2.66667
563	2010	2018	2.61333
564	2013	2018	3.13333
565	2013	2018	2.76
566	2013	2018	2.90667
567	2013	2018	3.08
568	2013	2018	2.96
569	2013	2018	2.94667
570	2013	2018	3.30667
571	2013	2018	3.09333
572	2013	2018	3.16667
573	2013	2018	3.28
574	2013	2018	3.61333
575	2013	2018	3.20667
576	2013	2018	3.00667
577	2013	2018	2.98
578	2013	2018	2.76
579	2013	2018	3.01333
580	2013	2018	3.04667
581	2013	2018	2.87333
582	2013	2018	2.98667
583	2013	2018	3.04
584	2013	2018	3.19333
585	2013	2018	3.1
586	2013	2018	3.07333
587	2013	2018	3.02
588	2013	2018	2.76667
589	2013	2018	2.98
590	2013	2018	2.92667
591	2013	2018	3.46667
592	2013	2018	3.30667
593	2013	2018	3.17333
594	2013	2018	3.48667
595	2013	2018	3.11333
596	2013	2018	2.75333
597	2013	2018	3.28667
598	2013	2018	3.19333
599	2013	2018	3.10667
600	2013	2018	3.24
601	2013	2018	3.05333
602	2013	2018	2.94
603	2013	2018	3.42667
604	2013	2018	2.94667
605	2013	2018	2.94
606	2013	2018	2.74667
607	2013	2018	3.38
608	2013	2018	2.94667
609	2013	2018	3.02
610	2013	2018	3.12667
611	2013	2018	2.93333
612	2013	2018	2.84667
613	2013	2018	3.10667
614	2013	2018	3.16
615	2013	2018	3.16667
616	2013	2018	3.18667
617	2013	2018	2.78
618	2013	2018	2.63333
619	2013	2018	3.43333
620	2013	2018	2.98
621	2013	2018	2.64667
622	2013	2018	2.92
623	2013	2018	2.9
624	2013	2018	2.79333
625	2013	2018	2.86667
626	2013	2018	2.9
627	2013	2018	3.29333
628	2013	2018	3.22667
629	2013	2018	2.86667
630	2013	2018	3.04667
631	2013	2018	2.56
632	2013	2018	2.67333
633	2013	2018	2.75333
634	2013	2018	2.61333
635	2013	2018	2.96667
636	2013	2018	2.94667
637	2013	2018	3.34667
638	2013	2018	2.69333
639	2013	2018	3.16
640	2013	2018	2.69333
641	2013	2018	2.92
642	2013	2018	2.78
643	2013	2018	3.18667
644	2013	2018	2.68
645	2013	2018	3.11333
646	2013	2018	3.14
647	2013	2018	3.5
648	2013	2018	3.14
649	2013	2018	3.17333
650	2013	2018	3.16667
651	2013	2018	3.58667
652	2013	2018	2.73333
653	2013	2018	3.38667
654	2013	2018	3.16
655	2013	2018	3.32667
656	2013	2018	2.86
657	2013	2018	3.05333
658	2013	2018	3.18667
659	2013	2018	3.04667
660	2013	2018	3.04667
661	2013	2018	2.92667
662	2013	2018	3.14
663	2013	2018	2.72
664	2013	2018	3.16
665	2013	2018	3.10667
666	2013	2018	2.90667
667	2013	2018	3.10667
668	2013	2018	3.02667
669	2013	2018	2.66667
670	2013	2018	3.16
671	2013	2018	3.28
672	2013	2018	3.3
673	2013	2018	3.17333
674	2013	2018	3.47333
675	2013	2018	3.24
676	2013	2018	3.00667
677	2013	2018	2.78
678	2013	2018	3.3
679	2013	2018	2.84667
680	2013	2018	3.01333
681	2013	2018	3.35333
682	2013	2018	2.98667
683	2013	2018	2.92667
684	2013	2018	2.86
685	2013	2018	2.96
686	2013	2018	3.22667
687	2016	2018	3.40667
688	2012	2018	3.06667
689	2013	2018	3.19333
690	2013	2018	2.84
691	2013	2018	3.18667
692	2013	2018	2.98667
693	2013	2018	2.90667
694	2013	2018	3.26667
695	2013	2018	2.94
696	2013	2018	3.50667
697	2013	2018	2.9
698	2013	2018	2.86
699	2013	2018	2.98667
700	2014	2018	3.42
701	2014	2018	3.13333
702	2014	2018	3.05333
703	2014	2018	3.41333
704	2014	2018	3
705	2014	2018	3
706	2014	2018	3.21333
707	2014	2018	3.68
708	2014	2018	3.26
709	2014	2018	3.17333
710	2014	2018	3.31333
711	2014	2018	3.52
712	2014	2018	3.71333
713	2014	2018	3.45333
714	2014	2018	3
715	2014	2018	3.29333
716	2014	2018	3
717	2014	2018	3
718	2014	2018	3
719	2014	2018	3
720	2014	2018	3.48667
721	2014	2018	3
722	2014	2018	3
723	2014	2018	3
724	2014	2018	3
725	2014	2018	3
726	2014	2018	3
727	2014	2018	3
728	2014	2018	3
729	2014	2018	3
730	2014	2018	3
731	2014	2018	3
732	2014	2018	3
733	2014	2018	3.44667
734	2014	2018	3.62667
735	2014	2018	3.24
736	2014	2018	3.44
737	2014	2018	3.58667
738	2014	2018	3.3
739	2014	2018	3.60667
740	2014	2018	3.7
741	2014	2018	3.4
742	2014	2018	3.80667
743	2014	2018	3.50667
744	2014	2018	3.48667
745	2014	2018	3.08667
746	2014	2018	3.08
747	2014	2018	3.52667
748	2014	2018	3.02667
749	2014	2018	3.4
750	2014	2018	3.54
751	2014	2018	3.07333
752	2014	2018	3.58
753	2014	2018	2.8
754	2014	2018	3.44
755	2014	2018	3.1
756	2014	2018	3.57333
757	2014	2018	3.4
758	2014	2018	3.46
759	2014	2018	3.2
760	2014	2018	3.26
761	2014	2018	3.42
762	2014	2018	3.36
763	2014	2018	3.38776
764	2014	2018	3.58667
765	2014	2018	3.35333
766	2014	2018	3.62
767	2015	2018	3.45333
768	2017	2018	2.89333
769	2013	2019	3.35
770	2013	2019	2.75
771	2011	2019	3.15
772	2012	2019	2.53
773	2012	2019	2.41
774	2012	2019	2.82
775	2012	2019	2.68
776	2012	2019	2.38
777	2012	2019	2.62
778	2012	2019	2.53
779	2012	2019	3.3
780	2012	2019	3.06
781	2012	2019	3.57
782	2013	2019	2.95
783	2012	2019	2.76
784	2012	2019	2.45
785	2012	2019	2.63
786	2012	2019	2.34
787	2012	2019	3.18
788	2012	2019	2.67
789	2012	2019	2.85
790	2012	2019	2.95
791	2012	2019	2.93
792	2013	2019	2.63
793	2013	2019	2.75
794	2013	2019	2.5
795	2013	2019	3.14
796	2013	2019	2.87
797	2013	2019	2.96
798	2013	2019	2.55
799	2013	2019	2.91
800	2013	2019	2.64
801	2013	2019	2.63
802	2013	2019	2.62
803	2013	2019	3.07
804	2013	2019	2.93
805	2013	2019	2.39
806	2013	2019	2.54
807	2013	2019	2.63
808	2013	2019	2.87
809	2013	2019	2.63
810	2013	2019	2.63
811	2013	2019	2.89
812	2013	2019	2.74
813	2013	2019	3.25
814	2013	2019	3.21
815	2013	2019	2.89
816	2013	2020	2.52
817	2013	2020	2.93
818	2013	2020	2.82
819	2013	2020	3.52
820	2013	2020	2.67
821	2013	2020	2.41
822	2012	2020	2.4
823	2018	2020	3.43
824	2016	2020	3.14
825	2014	2020	2.75
826	2014	2020	3.23
827	2014	2020	2.7
828	2014	2020	2.83
829	2014	2020	2.69
830	2014	2020	3.23
831	2014	2020	2.83
832	2014	2020	2.96
833	2014	2020	2.57
834	2014	2020	3.09
835	2014	2020	2.68
836	2014	2020	2.71
837	2014	2020	2.75
838	2014	2020	2.79
839	2014	2020	2.59
840	2014	2020	2.53
841	2014	2020	2.7
842	2014	2020	2.63
843	2014	2020	3.28
844	2014	2020	2.88
845	2014	2020	2.99
846	2014	2020	2.96
847	2014	2020	2.81
848	2014	2020	2.92
849	2014	2020	2.91
850	2014	2020	2.83
851	2014	2020	2.71
852	2014	2020	3.04
853	2015	2020	2.77
854	2015	2020	3.05
855	2015	2020	3.22
856	2015	2020	3.44
857	2015	2020	3.41
858	2015	2020	3.15
859	2015	2020	3.03
860	2015	2020	3.23
861	2015	2020	2.93
862	2015	2020	3.36
863	2015	2020	3.01
864	2015	2020	3.01
865	2015	2020	3.3
866	2015	2020	3.06
867	2015	2020	3.07
868	2015	2020	3.11
869	2015	2020	3.21
870	2015	2020	3.17
871	2015	2020	3.24
872	2015	2020	3.45
873	2015	2020	3.29
874	2015	2020	2.83
875	2015	2020	3.27
876	2015	2020	2.7
877	2015	2020	2.95
878	2015	2020	3.15
879	2015	2020	3.03
880	2015	2020	2.84
881	2015	2020	3.05
882	2015	2020	2.96
883	2015	2020	3.1
884	2015	2020	3.02
885	2015	2020	3.35
886	2015	2020	3.11
887	2015	2020	3.22
888	2015	2020	3.09
889	2015	2020	3.27
890	2015	2020	3.02
891	2015	2020	3.11
892	2015	2020	3.06
893	2015	2020	3.04
894	2015	2020	3.05
895	2015	2020	3.04
896	2015	2020	2.73
897	2015	2020	2.89
898	2015	2020	3.22
899	2015	2020	3.25
900	2015	2020	3.84
901	2015	2020	2.76
902	2015	2020	3.08
903	2015	2020	3.17
904	2015	2020	2.85
905	2015	2020	3.05
906	2015	2020	3.03
907	2015	2020	3.05
908	2015	2020	3.35
909	2015	2020	3.34
910	2015	2020	2.81
911	2015	2020	3.09
912	2015	2020	2.78
913	2015	2020	2.61
914	2015	2020	3.19
915	2015	2020	3.43
916	2015	2020	3.46
917	2015	2020	3.08
918	2015	2020	3.19
919	2015	2020	2.95
920	2015	2020	3.09
921	2015	2020	3.48
922	2015	2020	2.77
923	2015	2020	3.02
924	2015	2020	3.39
925	2015	2020	3.14
926	2015	2020	3.35
927	2015	2020	3.24
928	2015	2020	3
929	2015	2020	3.2
930	2015	2020	3.13
931	2015	2020	3.25
932	2015	2020	3.19
933	2015	2020	2.85
934	2015	2020	3.46
935	2015	2020	2.84
936	2015	2020	3.33
937	2015	2020	3.27
938	2015	2020	3.53
939	2015	2020	2.92
940	2015	2020	3.25
941	2015	2020	2.74
942	2015	2020	2.95
943	2015	2020	3.11
944	2015	2020	3.14
945	2015	2020	3.14
946	2015	2020	3.41
947	2015	2020	3
948	2015	2020	3.16
949	2015	2020	3.16
950	2015	2020	2.98
951	2015	2020	3.11
952	2015	2020	2.81
953	2015	2020	2.62
954	2015	2020	3.05
955	2015	2020	2.68
956	2015	2020	2.64
957	2015	2020	2.64
958	2015	2020	3.15
959	2015	2020	3.03
960	2015	2020	2.79
961	2015	2020	2.94
962	2015	2020	3.29
963	2015	2020	3.04
964	2015	2020	3.01
965	2015	2020	3.2
966	2015	2020	3.43
967	2015	2020	3.57
968	2015	2020	3.61
969	2015	2020	2.66
970	2015	2020	3.14
971	2015	2020	2.99
972	2015	2020	3.27
973	2015	2020	3.44
974	2015	2020	3.46
975	2015	2020	3
976	2015	2020	3.13
977	2015	2020	2.96
978	2015	2020	3.02
979	2015	2020	2.81
980	2015	2020	3.05
981	2015	2020	2.9
982	2015	2020	3.47
983	2015	2020	3.05
984	2015	2020	2.73
985	2015	2020	2.91
986	2015	2020	3.09
987	2015	2020	3.36
988	2015	2020	3.17
989	2015	2020	3.15
990	2015	2020	3.3
991	2015	2020	2.89
992	2015	2020	3.01
993	2015	2020	3.14
994	2015	2020	3.03
995	2015	2020	3.02
996	2015	2020	3.47
997	2015	2020	3.18
998	2015	2020	3.26
999	2015	2020	3.18
1000	2015	2020	3.67
1001	2015	2020	3.17
1002	2015	2020	3.38
1003	2015	2020	2.91
1004	2015	2020	3.33
1005	2015	2020	3.22
1006	2015	2020	2.89
1007	2015	2020	3.13
1008	2015	2020	3.36
1009	2015	2020	2.97
1010	2015	2020	2.75
1011	2015	2020	2.86
1012	2015	2020	3
1013	2016	2020	3.25
1014	2015	2020	2.84
1015	2015	2020	2.73
1016	2015	2020	3.02
1017	2015	2020	2.78
1018	2015	2020	3.17
1019	2015	2020	3.03
1020	2015	2020	2.86
1021	2015	2020	3.05
1022	2015	2020	3.38
1023	2015	2020	2.83
1024	2015	2020	3.21
1025	2015	2020	2.91
1026	2015	2020	2.68
1027	2015	2020	2.79
1028	2015	2020	2.79
1029	2015	2020	3.82
1030	2015	2020	2.92
1031	2015	2020	2.75
1032	2015	2020	2.88
1033	2015	2020	3.24
1034	2015	2020	2.83
1035	2015	2020	2.8
1036	2015	2020	2.97
1037	2015	2020	2.87
1038	2015	2020	3.03
1039	2015	2020	2.61
1040	2015	2020	2.95
1041	2015	2020	2.82
1042	2015	2020	3.05
1043	2015	2020	2.87
1044	2015	2020	3.07
1045	2015	2020	2.84
1046	2015	2020	3.05
1047	2015	2020	3.05
1048	2015	2020	2.76
1049	2015	2020	3.09
1050	2015	2020	3.15
1051	2015	2020	2.74
1052	2015	2020	2.74
1053	2015	2020	3.02
1054	2015	2020	2.94
1055	2015	2020	2.73
1056	2015	2020	2.93
1057	2015	2020	3.07
1058	2014	2020	3.49
1059	2014	2020	2.96
1060	2014	2020	2.81
1061	2014	2020	2.74
1062	2014	2020	2.63
1063	2014	2020	3.24
1064	2014	2020	3.03
1065	2014	2020	3.39
1066	2014	2020	3.27
1067	2014	2020	2.94
1068	2014	2020	2.75
1069	2014	2020	2.99
1070	2014	2020	2.65
1071	2014	2020	3.11
1072	2014	2020	2.67
1073	2014	2020	2.87
1074	2014	2020	2.72
1075	2014	2020	2.79
1076	2013	2020	2.41
1077	2013	2020	2.97
1078	2013	2020	2.42
1079	2013	2020	2.59
1080	2013	2020	2.68
1081	2013	2020	2.79
1082	2013	2020	2.51
1083	2012	2020	2.59
1084	2012	2020	2.91
1085	2012	2020	2.65
1086	2012	2020	2.65
1087	2015	2020	2.84
1088	2015	2020	2.72
1089	2015	2020	3.21
1090	2015	2020	2.74
1091	2015	2020	2.7
1092	2015	2020	3.07
1093	2015	2020	3.09
1094	2015	2020	2.91
1095	2015	2020	3.35
1096	2015	2020	3.15
1097	2015	2020	3.18
1098	2015	2020	3.09
1099	2015	2020	2.95
1100	2015	2020	3.2
1101	2015	2020	2.77
1102	2015	2020	2.85
1103	2015	2020	2.83
1104	2015	2020	2.74
1105	2015	2020	2.79
1106	2015	2020	2.96
1107	2015	2020	2.91
1108	2015	2020	2.79
1109	2015	2020	2.84
1110	2015	2020	3.08
1111	2015	2020	2.77
1112	2015	2020	2.93
1113	2015	2020	2.65
1114	2015	2020	2.87
1115	2015	2020	3.02
1116	2015	2020	3.13
1117	2015	2020	3.22
1118	2015	2020	3.11
1119	2015	2020	3.55
1120	2015	2020	3.56
1121	2015	2020	2.7
1122	2016	2020	3.55
1123	2016	2020	2.89
1124	2016	2020	2.93
1125	2016	2020	3.3
1126	2016	2020	3.24
1127	2016	2020	2.85
1128	2016	2020	2.84
1129	2016	2020	3.4
1130	2016	2020	3.05
1131	2016	2020	2.86
1132	2016	2020	3.66
1133	2016	2020	3.81
1134	2016	2020	3.47
1135	2016	2020	3.65
1136	2016	2020	2.99
1137	2016	2020	3.15
1138	2016	2020	3.44
1139	2016	2020	3.12
1140	2016	2020	3.36
1141	2016	2020	3.53
1142	2016	2020	3.59
1143	2016	2020	3.24
1144	2016	2020	3.43
1145	2016	2020	3.29
1146	2016	2020	3.21
1147	2016	2020	2.84
1148	2016	2020	3.82
1149	2016	2020	2.99
1150	2016	2020	3.19
1151	2016	2020	3.21
1152	2016	2020	3.53
1153	2016	2020	3.2
1154	2016	2020	3.63
1155	2016	2020	2.86
1156	2016	2020	3.38
1157	2016	2020	3.86
1158	2016	2020	3.06
1159	2016	2020	3.41
1160	2016	2020	3.14
1161	2016	2020	3.51
1162	2016	2020	3.53
1163	2016	2020	3.54
1164	2016	2020	3.27
1165	2016	2020	3.42
1166	2016	2020	3.51
1167	2016	2020	3.11
1168	2016	2020	3.61
1169	2016	2020	2.74
1170	2016	2020	2.67
1171	2016	2020	2.89
1172	2016	2020	2.86
1173	2016	2020	2.99
1174	2016	2020	3.1
1175	2016	2020	3.36
1176	2016	2020	2.89
1177	2016	2020	3.01
1178	2016	2020	2.74
1179	2016	2020	3.31
1180	2016	2020	3.14
1181	2016	2020	3.63
1182	2016	2020	2.92
1183	2016	2020	3.23
1184	2016	2020	3.32
1185	2016	2020	3.43
1186	2016	2020	3.57
1187	2016	2020	3.11
1188	2016	2020	3.16
1189	2016	2020	3.32
1190	2016	2020	3.14
1191	2016	2020	3.01
1192	2016	2020	3.17
1193	2016	2020	3.17
1194	2016	2020	3.5
1195	2016	2020	3.43
1196	2016	2020	3.36
1197	2016	2020	3.01
1198	2016	2020	3.74
1199	2016	2020	3.64
1200	2016	2020	2.8
1201	2016	2020	3.07
1202	2016	2020	3.49
1203	2016	2020	3.51
1204	2016	2020	3.57
1205	2016	2020	3.42
1206	2016	2020	3.28
1207	2016	2020	3.7
1208	2016	2020	3.45
1209	2016	2020	2.77
1210	2016	2020	3.16
1211	2016	2020	3.51
1212	2016	2020	2.8
1213	2016	2020	3.49
1214	2016	2020	3.51
1215	2016	2020	3.43
1216	2016	2020	3.56
1217	2016	2020	3.19
1218	2016	2020	3.55
1219	2016	2020	2.74
1220	2016	2020	3.05
1221	2016	2020	3.91
1222	2016	2020	3.28
1223	2016	2020	3.15
1224	2016	2020	3.48
1225	2016	2020	3.22
1226	2016	2020	2.84
1227	2016	2020	3.28
1228	2016	2020	3.52
1229	2016	2020	3.07
1230	2016	2020	3.33
1231	2016	2020	3.24
1232	2016	2020	3.05
1233	2016	2020	3.32
1234	2016	2020	3.08
1235	2016	2020	3.25
1236	2016	2020	2.85
1237	2016	2020	3.17
1238	2016	2020	3.46
1239	2016	2020	3.58
1240	2016	2020	3.68
1241	2016	2020	2.99
1242	2016	2020	3.37
1243	2016	2020	3
1244	2016	2020	3.32
1245	2016	2020	3.25
1246	2016	2020	2.99
1247	2016	2020	3.2
1248	2016	2020	2.65
1249	2016	2020	3.19
1250	2016	2020	3.49
1251	2016	2020	3.22
1252	2016	2020	3.63
1253	2016	2020	3.53
1254	2016	2020	3.21
1255	2016	2020	3.45
1256	2016	2020	3.13
1257	2016	2020	3.24
1258	2016	2020	3.49
1259	2016	2020	3.37
1260	2016	2020	3.64
1261	2016	2020	3.57
1262	2016	2020	3.01
1263	2016	2020	3.59
1264	2016	2020	3.12
1265	2016	2021	3.06
1266	2018	2021	3.21
1267	2014	2021	2.72
1268	2014	2021	2.55
1269	2014	2021	3.11
1270	2015	2021	3.41
1271	2015	2021	2.86
1272	2015	2021	3.01
1273	2015	2021	2.66
1274	2015	2021	2.49
1275	2015	2021	2.93
1276	2015	2021	3.08
1277	2015	2021	2.57
1278	2015	2021	2.72
1279	2015	2021	3.09
1280	2015	2021	2.76
1281	2015	2021	2.66
1282	2015	2021	2.58
1283	2015	2021	3.15
1284	2015	2021	3.12
1285	2015	2021	3.12
1286	2015	2021	2.62
1287	2015	2021	2.93
1288	2015	2021	2.88
1289	2015	2021	3.32
1290	2015	2021	2.89
1291	2015	2021	3.16
1292	2015	2021	2.84
1293	2015	2021	2.61
1294	2015	2021	2.65
1295	2015	2021	2.76
1296	2015	2021	2.79
1297	2015	2021	2.76
1298	2015	2021	2.72
1299	2015	2021	2.99
1300	2015	2021	2.87
1301	2015	2021	3.63
1302	2015	2021	3.06
1303	2015	2021	2.74
1304	2015	2021	3.13
1305	2015	2021	2.59
1306	2015	2021	2.68
1307	2015	2021	2.83
1308	2015	2021	2.94
1309	2015	2021	2.64
1310	2016	2021	2.78
1311	2016	2021	2.93
1312	2016	2021	2.87
1313	2016	2021	2.97
1314	2016	2021	3.22
1315	2016	2021	2.68
1316	2016	2021	2.99
1317	2016	2021	2.8
1318	2016	2021	2.84
1319	2016	2021	3.25
1320	2016	2021	3.46
1321	2016	2021	2.97
1322	2016	2021	2.82
1323	2016	2021	3.11
1324	2016	2021	3.01
1325	2016	2021	2.89
1326	2016	2021	3.45
1327	2016	2021	2.81
1328	2016	2021	3.08
1329	2016	2021	3.12
1330	2016	2021	2.89
1331	2016	2021	3.48
1332	2016	2021	3.07
1333	2016	2021	2.89
1334	2016	2021	3.11
1335	2016	2021	3.32
1336	2016	2021	3.18
1337	2016	2021	3.73
1338	2016	2021	3.05
1339	2016	2021	3.29
1340	2016	2021	3.41
1341	2016	2021	2.84
1342	2016	2021	3.11
1343	2016	2021	2.99
1344	2016	2021	2.97
1345	2016	2021	2.89
1346	2016	2021	3.21
1347	2016	2021	2.91
1348	2016	2021	3.14
1349	2016	2021	2.94
1350	2016	2021	3.12
1351	2016	2021	2.89
1352	2016	2021	3.22
1353	2016	2021	2.83
1354	2016	2021	3.07
1355	2016	2021	3.05
1356	2016	2021	3.45
1357	2016	2021	2.7
1358	2016	2021	2.89
1359	2016	2021	2.92
1360	2016	2021	2.83
1361	2016	2021	2.91
1362	2016	2021	2.89
1363	2016	2021	3.47
1364	2016	2021	3.11
1365	2016	2021	3.13
1366	2016	2021	3.28
1367	2016	2021	3.11
1368	2016	2021	2.89
1369	2016	2021	3.09
1370	2016	2021	3.23
1371	2016	2021	3.01
1372	2016	2021	3.14
1373	2016	2021	3.13
1374	2016	2021	3.57
1375	2016	2021	3.67
1376	2016	2021	3.15
1377	2016	2021	3.49
1378	2016	2021	2.9
1379	2016	2021	2.99
1380	2016	2021	2.72
1381	2016	2021	2.94
1382	2016	2021	2.88
1383	2016	2021	2.76
1384	2016	2021	2.89
1385	2016	2021	3.48
1386	2016	2021	2.91
1387	2016	2021	3.07
1388	2016	2021	2.76
1389	2016	2021	3.28
1390	2016	2021	3.02
1391	2016	2021	3.18
1392	2016	2021	3.52
1393	2016	2021	3.49
1394	2016	2021	3.87
1395	2016	2021	3.15
1396	2016	2021	3.21
1397	2016	2021	2.7
1398	2016	2021	3.06
1399	2016	2021	3
1400	2016	2021	3.35
1401	2016	2021	3.49
1402	2016	2021	3.56
1403	2016	2021	3
1404	2016	2021	2.78
1405	2016	2021	3.37
1406	2016	2021	3.1
1407	2016	2021	3.37
1408	2016	2021	3.13
1409	2016	2021	2.74
1410	2016	2021	2.94
1411	2016	2021	2.8
1412	2016	2021	3.12
1413	2016	2021	3.13
1414	2016	2021	3.14
1415	2016	2021	2.79
1416	2016	2021	2.75
1417	2016	2021	3.28
1418	2016	2021	3.16
1419	2016	2021	2.99
1420	2014	2021	2.81
1421	2014	2021	2.69
1422	2014	2021	2.83
1423	2014	2021	2.69
1424	2014	2021	2.27
1425	2014	2021	2.53
1426	2014	2021	2.57
1427	2014	2021	2.37
1428	2014	2021	2.57
1429	2014	2021	2.78
1430	2014	2021	2.55
1431	2014	2021	2.77
1432	2014	2021	2.75
1433	2014	2021	3.05
1434	2014	2021	2.22
1435	2014	2021	2.4
1436	2014	2021	2.61
1437	2013	2021	2.49
1438	2014	2021	2.85
1439	2014	2021	2.55
1440	2017	2021	3.78
1441	2017	2021	3.56
1442	2017	2021	2.85
1443	2017	2021	3.48
1444	2017	2021	2.87
1445	2017	2021	3.32
1446	2017	2021	3.36
1447	2017	2021	3.03
1448	2017	2021	2.82
1449	2017	2021	3.56
1450	2017	2021	2.65
1451	2017	2021	2.74
1452	2017	2021	3.36
1453	2017	2021	3.31
1454	2017	2021	2.95
1455	2017	2021	2.87
1456	2017	2021	3.2
1457	2017	2021	2.9
1458	2017	2021	2.87
1459	2017	2021	3.01
1460	2017	2021	2.96
1461	2017	2021	2.95
1462	2017	2021	3.54
1463	2017	2021	3.42
1464	2017	2021	3.44
1465	2017	2021	3.15
1466	2017	2021	3.48
1467	2017	2021	3.35
1468	2017	2021	3.52
1469	2017	2021	3.4
1470	2017	2021	3.48
1471	2017	2021	3.28
1472	2017	2021	3.25
1473	2017	2021	3.32
1474	2017	2021	3.14
1475	2017	2021	3.37
1476	2017	2021	3.54
1477	2017	2021	3.23
1478	2017	2021	3.53
1479	2017	2021	3.72
1480	2017	2021	3.41
1481	2017	2021	3.21
1482	2017	2021	3.32
1483	2017	2021	3.76
1484	2017	2021	3.36
1485	2017	2021	3.09
1486	2017	2021	3.14
1487	2017	2021	3.13
1488	2017	2021	3.32
1489	2017	2021	3.19
1490	2017	2021	3.52
1491	2017	2021	3.17
1492	2017	2021	3.2
1493	2017	2021	3.4
1494	2017	2021	3.64
1495	2016	2021	3.33
1496	2016	2021	2.84
1497	2016	2021	3.2
1498	2016	2021	3.13
1499	2016	2021	3.16
1500	2016	2021	2.64
1501	2016	2021	2.79
1502	2016	2021	3.36
1503	2017	2021	3.48
1504	2016	2021	3.14
1505	2016	2021	3.05
1506	2016	2021	2.74
1507	2016	2021	2.91
1508	2016	2021	3
1509	2016	2021	3.32
1510	2016	2021	3.2
1511	2016	2021	2.76
1512	2016	2021	2.75
1513	2016	2021	3.06
1514	2016	2021	2.96
1515	2016	2021	2.72
1516	2016	2021	2.87
1517	2016	2021	2.86
1518	2016	2021	3.03
1519	2016	2021	2.74
1520	2016	2021	2.82
1521	2016	2021	2.91
1522	2016	2021	2.67
1523	2016	2021	2.89
1524	2016	2021	2.86
1525	2016	2021	3.22
1526	2016	2021	2.72
1527	2016	2021	3.15
1528	2016	2021	3
1529	2016	2021	2.76
1530	2016	2021	3.11
1531	2016	2021	2.99
1532	2016	2021	2.61
1533	2016	2021	3.67
1534	2016	2021	3.28
1535	2016	2021	2.89
1536	2016	2021	2.86
1537	2016	2021	2.8
1538	2016	2021	3.28
1539	2016	2021	3.01
1540	2016	2021	2.96
1541	2016	2021	2.95
1542	2016	2021	2.74
1543	2016	2021	3.04
1544	2016	2021	2.67
1545	2016	2021	2.78
1546	2016	2021	3.04
1547	2016	2021	2.97
1548	2015	2021	3.09
1549	2015	2021	3.33
1550	2015	2021	3.03
1551	2015	2021	3.03
1552	2015	2021	2.87
1553	2015	2021	2.63
1554	2015	2021	2.87
1555	2014	2021	2.61
1556	2014	2021	2.67
1557	2014	2021	2.76
1558	2014	2021	2.55
1559	2014	2021	2.46
1560	2014	2021	2.89
1561	2014	2021	2.87
1562	2014	2021	2.97
1563	2014	2021	2.32
1564	2014	2021	2.54
1565	2014	2021	3.22
1566	2017	2021	3.09
1567	2017	2021	3.17
1568	2017	2021	3.21
1569	2017	2021	3.24
1570	2017	2021	3.41
1571	2017	2021	3.01
1572	2017	2021	3.16
1573	2017	2021	3
1574	2017	2021	3.16
1575	2017	2021	3.06
1576	2017	2021	2.99
1577	2017	2021	3.4
1578	2017	2021	3.17
1579	2020	2021	2.41
1580	2021	2022	3.47
1581	2021	2022	3.07
1582	2015	2022	2.46
1583	2015	2022	2.41
1584	2015	2022	2.71
1585	2015	2022	3.22
1586	2015	2022	2.98
1587	2015	2022	2.32
1588	2015	2022	2.71
1589	2015	2022	2.95
1590	2015	2022	2.99
1591	2015	2022	3.17
1592	2015	2022	2.88
1593	2015	2022	2.57
1594	2015	2022	2.66
1595	2016	2022	2.56
1596	2016	2022	3.01
1597	2016	2022	2.85
1598	2016	2022	3.1
1599	2016	2022	2.78
1600	2016	2022	2.7
1601	2016	2022	2.64
1602	2016	2022	2.67
1603	2016	2022	3.47
1604	2016	2022	3.09
1605	2016	2022	2.81
1606	2016	2022	2.95
1607	2017	2022	2.98
1608	2017	2022	3.15
1609	2017	2022	3.26
1610	2017	2022	2.94
1611	2017	2022	2.79
1612	2017	2022	3.05
1613	2017	2022	3.24
1614	2017	2022	2.48
1615	2017	2022	2.87
1616	2017	2022	2.86
1617	2017	2022	3.77
1618	2017	2022	3
1619	2017	2022	3.09
1620	2017	2022	3.44
1621	2018	2022	3.5
1622	2018	2022	3.26
1623	2018	2022	3.6
1624	2018	2022	3.41
1625	2018	2022	3.33
1626	2018	2022	3.47
1627	2018	2022	3.57
1628	2018	2022	3.53
1629	2018	2022	3.07
1630	2018	2022	3.12
1631	2018	2022	3.57
1632	2018	2022	3.13
1633	2018	2022	3.56
1634	2018	2022	3.3
1635	2018	2022	3.23
1636	2018	2022	3.3
1637	2018	2022	3.57
1638	2018	2022	3.4
1639	2018	2022	3.6
1640	2018	2022	3.62
1641	2018	2022	3.03
1642	2018	2022	3.24
1643	2018	2022	3.66
1644	2018	2022	3.44
1645	2018	2022	3.66
1646	2018	2022	3.28
1647	2018	2022	3.12
1648	2018	2022	3.19
1649	2018	2022	3.32
1650	2018	2022	3.09
1651	2018	2022	3.73
1652	2018	2022	3.19
1653	2018	2022	3.22
1654	2018	2022	3.32
1655	2018	2022	3.46
1656	2018	2022	3.04
1657	2018	2022	3.07
1658	2018	2022	3.25
1659	2018	2022	3.09
1660	2018	2022	3.38
1661	2018	2022	3.14
1662	2018	2022	3.74
1663	2018	2022	3.38
1664	2018	2022	3.2
1665	2018	2022	3.49
1666	2018	2022	3.22
1667	2018	2022	3.07
1668	2018	2022	3.31
1669	2018	2022	3.3
1670	2018	2022	3.7
1671	2018	2022	3.09
1672	2018	2022	3.46
1673	2018	2022	3.72
1674	2018	2022	3.29
1675	2018	2022	3
1676	2018	2022	3.44
1677	2018	2022	3.5
1678	2018	2022	3.15
1679	2018	2022	3.25
1680	2018	2022	3.64
1681	2018	2022	3.26
1682	2018	2022	3.62
1683	2018	2022	2.93
1684	2018	2022	3.09
1685	2018	2022	3.19
1686	2018	2022	3.14
1687	2018	2022	3.21
1688	2018	2022	3.48
1689	2018	2022	3.39
1690	2018	2022	3.58
1691	2018	2022	3.6
1692	2018	2022	3.55
1693	2018	2022	2.99
1694	2018	2022	3.02
1695	2018	2022	2.91
1696	2018	2022	3.27
1697	2018	2022	3.31
1698	2018	2022	3.22
1699	2018	2022	3.61
1700	2018	2022	2.88
1701	2018	2022	3.33
1702	2018	2022	2.95
1703	2018	2022	3.17
1704	2018	2022	3.62
1705	2018	2022	3.62
1706	2018	2022	3.7
1707	2018	2022	2.93
1708	2018	2022	3.57
1709	2018	2022	3.41
1710	2018	2022	3.66
1711	2018	2022	3.72
1712	2018	2022	3.67
1713	2018	2022	3.27
1714	2018	2022	3.47
1715	2018	2022	2.93
1716	2018	2022	3.15
1717	2018	2022	3.27
1718	2018	2022	3.55
1719	2018	2022	3.28
1720	2018	2022	3.32
1721	2018	2022	2.56
1722	2018	2022	3.43
1723	2018	2022	3.44
1724	2018	2022	3.35
1725	2018	2022	3.28
1726	2018	2022	3.48
1727	2018	2022	3.41
1728	2018	2022	3.79
1729	2018	2022	3.54
1730	2018	2022	3.66
1731	2018	2022	3.51
1732	2018	2022	3.26
1733	2018	2022	3.77
1734	2018	2022	3.77
1735	2018	2022	3.15
1736	2018	2022	3.27
1737	2018	2022	3.1
1738	2018	2022	3.35
1739	2018	2022	3.66
1740	2016	2023	2.67
1741	2016	2023	3.51
1742	2016	2023	2.91
1743	2016	2023	2.89
1744	2016	2023	2.68
1745	2016	2023	3.03
1746	2016	2023	3.02
1747	2016	2023	2.82
1748	2016	2023	3.03
1749	2016	2023	2.52
1750	2016	2023	3.11
1751	2016	2023	2.22
1752	2016	2023	2.72
1753	2016	2023	2.79
1754	2016	2023	3.24
1755	2016	2023	3.14
1756	2016	2023	3.1
1757	2016	2023	2.72
1758	2016	2023	2.77
1759	2016	2023	2.51
1760	2016	2023	2.32
1761	2017	2023	2.52
1762	2017	2023	3.42
1763	2017	2023	3.33
1764	2017	2023	2.99
1765	2017	2023	2.93
1766	2017	2023	2.66
1767	2017	2023	3.52
1768	2017	2023	3.13
1769	2017	2023	2.47
1770	2018	2023	2.88
1771	2018	2023	3.1
1772	2018	2023	3.31
1773	2018	2023	3.11
1774	2018	2023	3.37
1775	2018	2023	3.49
1776	2018	2023	3.12
1777	2018	2023	3.32
1778	2018	2023	3.38
1779	2018	2023	3.36
1780	2018	2023	3.23
1781	2018	2023	3.16
1782	2018	2023	3.3
1783	2018	2023	2.83
1784	2018	2023	3.1
1785	2018	2023	2.88
1786	2018	2023	3.11
1787	2018	2023	3.05
1788	2018	2023	3.17
1789	2018	2023	2.95
1790	2018	2023	3.76
1791	2018	2023	2.8
1792	2018	2023	2.81
1793	2018	2023	2.89
1794	2018	2023	3.32
1795	2018	2023	3.35
1796	2018	2023	3.19
1797	2018	2023	3.15
1798	2018	2023	3.43
1799	2018	2023	3.36
1800	2018	2023	3.17
1801	2018	2023	3.4
1802	2018	2023	3.28
1803	2018	2023	3.29
1804	2018	2023	3.17
1805	2018	2023	3.55
1806	2018	2023	2.98
1807	2018	2023	3.13
1808	2018	2023	3.55
1809	2018	2023	3.4
1810	2018	2023	3.34
1811	2018	2023	3.25
1812	2018	2023	3.21
1813	2018	2023	3.44
1814	2018	2023	3.2
1815	2018	2023	3.19
1816	2018	2023	3.17
1817	2018	2023	2.94
1818	2018	2023	3.13
1819	2018	2023	3.28
1820	2018	2023	3.19
1821	2018	2023	3.36
1822	2018	2023	3.28
1823	2018	2023	2.98
1824	2018	2023	3.47
1825	2018	2023	3.35
1826	2018	2023	3.23
1827	2018	2023	2.97
1828	2018	2023	3.49
1829	2018	2023	3.37
1830	2018	2023	2.82
1831	2018	2023	3.42
1832	2018	2023	2.95
1833	2018	2023	2.85
1834	2018	2023	2.76
1835	2018	2023	2.95
1836	2018	2023	2.78
1837	2018	2023	2.89
1838	2018	2023	2.85
1839	2018	2023	2.93
1840	2018	2023	3.04
1841	2018	2023	3.53
1842	2018	2023	2.92
1843	2018	2023	2.85
1844	2018	2023	3.35
1845	2018	2023	3.19
1846	2018	2023	3.38
1847	2018	2023	3.25
1848	2018	2023	3.37
1849	2018	2023	3.17
1850	2018	2023	3.01
1851	2018	2023	3.09
1852	2018	2023	3.03
1853	2018	2023	3.38
1854	2018	2023	2.99
1855	2018	2023	2.93
1856	2018	2023	3.19
1857	2018	2023	3.44
1858	2018	2023	2.99
1859	2020	2023	3.01
1860	2021	2023	2.32
1861	2021	2023	2.53
1862	2016	2023	2.99
1863	2016	2023	2.75
1864	2016	2023	3.05
1865	2016	2023	3.16
1866	2016	2023	3.11
1867	2016	2023	3.14
1868	2016	2023	2.91
1869	2016	2023	2.64
1870	2016	2023	3.05
1871	2016	2023	2.83
1872	2016	2023	2.66
1873	2016	2023	2.44
1874	2016	2023	3.01
1875	2017	2023	2.64
1876	2017	2023	2.95
1877	2017	2023	2.79
1878	2017	2023	3.05
1879	2018	2023	3.03
1880	2018	2023	3.44
1881	2018	2023	2.8
1882	2018	2023	2.78
1883	2018	2023	3.17
1884	2018	2023	3.01
1885	2018	2023	3.6
1886	2018	2023	2.85
1887	2018	2023	2.85
1888	2018	2023	3.17
1889	2018	2023	3.24
1890	2018	2023	3.15
1891	2018	2023	3.27
1892	2018	2023	2.97
1893	2018	2023	3.38
1894	2018	2023	2.83
1895	2018	2023	2.63
1896	2018	2023	2.83
1897	2018	2023	3.15
1898	2018	2023	2.62
1899	2018	2023	2.83
1900	2018	2023	2.84
1901	2018	2023	2.86
1902	2018	2023	2.91
1903	2018	2023	2.82
1904	2018	2023	2.83
1905	2018	2023	3.23
1906	2018	2023	3.18
1907	2018	2023	3.08
1908	2018	2023	3
1909	2018	2023	3.33
1910	2018	2023	2.95
1911	2019	2023	3.44
1912	2019	2023	3.27
1913	2019	2023	3.71
1914	2019	2023	3.43
1915	2019	2023	3.29
1916	2019	2023	3.59
1917	2019	2023	3.24
1918	2019	2023	3.17
1919	2019	2023	3.53
1920	2019	2023	2.96
1921	2019	2023	3.21
1922	2019	2023	3.54
1923	2019	2023	3.19
1924	2019	2023	3.71
1925	2019	2023	3.67
1926	2019	2023	3.4
1927	2019	2023	3.15
1928	2019	2023	3.82
1929	2019	2023	3.57
1930	2019	2023	3.25
1931	2019	2023	3.52
1932	2019	2023	3.77
1933	2019	2023	3.37
1934	2019	2023	3.23
1935	2019	2023	3.16
1936	2019	2023	3.48
1937	2019	2023	3.42
1938	2019	2023	3.28
1939	2019	2023	3.5
1940	2019	2023	2.84
1941	2019	2023	3.57
1942	2019	2023	2.95
1943	2019	2023	3.52
1944	2019	2023	3.33
1945	2019	2023	3.05
1946	2019	2023	3.58
1947	2019	2023	3.46
1948	2019	2023	2.93
1949	2019	2023	3.44
1950	2019	2023	2.91
1951	2019	2023	3.51
1952	2019	2023	3.31
1953	2019	2023	2.82
1954	2019	2023	3.78
1955	2019	2023	3.62
1956	2019	2023	3.19
1957	2019	2023	3.74
1958	2019	2023	2.72
1959	2019	2023	3.13
1960	2019	2023	3.5
1961	2019	2023	3.28
1962	2019	2023	3.44
1963	2019	2023	3.58
1964	2019	2023	3.51
1965	2019	2023	3.78
1966	2019	2023	3.75
1967	2019	2023	3.46
1968	2019	2023	3.62
1969	2019	2023	3.54
1970	2019	2023	3.44
1971	2019	2023	3.3
1972	2019	2023	3.22
1973	2019	2023	3.17
1974	2019	2023	3.77
1975	2019	2023	3.42
1976	2019	2023	3.72
1977	2019	2023	3.23
1978	2019	2023	3.87
1979	2019	2023	3.23
1980	2019	2023	3.68
1981	2019	2023	3.68
1982	2019	2023	3.45
1983	2019	2023	3.27
1984	2019	2023	3.56
1985	2019	2023	3.16
1986	2019	2023	3.68
1987	2019	2023	3.85
1988	2019	2023	3.28
1989	2019	2023	3.56
1990	2019	2023	3.6
1991	2019	2023	3.6
1992	2019	2023	3.49
1993	2019	2023	3.28
1994	2019	2023	3.4
1995	2019	2023	3.68
1996	2019	2023	3.34
1997	2019	2023	3.56
1998	2019	2023	3.74
1999	2019	2023	3.17
2000	2019	2023	3.64
2001	2019	2023	3.6
2002	2019	2023	3.13
2003	2019	2023	3.67
2004	2019	2023	3.07
2005	2019	2023	2.95
2006	2019	2023	3.09
2007	2019	2023	3.54
2008	2019	2023	3.11
2009	2019	2023	3.21
2010	2019	2023	2.79
2011	2019	2023	3.22
2012	2019	2023	3.54
2013	2019	2023	3.4
2014	2019	2023	3.25
2015	2019	2023	3.55
2016	2019	2023	3.21
2017	2019	2023	3.21
2018	2019	2023	3.34
2019	2019	2023	3.09
2020	2019	2023	3.15
2021	2019	2023	3.33
2022	2019	2023	3.54
2023	2019	2023	3.72
2024	2019	2023	3.63
2025	2019	2023	2.86
2026	2019	2023	3.02
2027	2019	2023	2.79
2028	2019	2023	3.42
2029	2019	2023	3.79
2030	2019	2023	3.26
2031	2019	2023	3.74
2032	2019	2023	3.68
2033	2020	2023	3.48
2034	2022	2023	3.17
2035	2019	2024	3.11
2036	2019	2024	3.38
2037	2019	2024	3.45
2038	2019	2024	3.1
2039	2019	2024	3.01
2040	2019	2024	3.07
2041	2019	2024	3.1
2042	2019	2024	3.51
2043	2019	2024	3.17
2044	2019	2024	3.11
2045	2019	2024	2.85
2046	2019	2024	3.11
2047	2019	2024	3.38
2048	2019	2024	2.93
2049	2019	2024	3.42
2050	2019	2024	3.42
2051	2019	2024	2.87
2052	2019	2024	3.72
2053	2019	2024	3.42
2054	2019	2024	3.18
2055	2019	2024	3.05
2056	2019	2024	3.73
2057	2019	2024	3.36
2058	2019	2024	2.93
2059	2019	2024	3.52
2060	2019	2024	3.09
2061	2019	2024	3.21
2062	2019	2024	2.55
2063	2019	2024	3.13
2064	2019	2024	3.14
2065	2019	2024	3.11
2066	2019	2024	3.57
2067	2019	2024	3.07
2068	2019	2024	3.1
2069	2019	2024	3.21
2070	2019	2024	2.81
2071	2019	2024	3.57
2072	2019	2024	3.14
2073	2019	2024	3.52
2074	2019	2024	3.44
2075	2019	2024	3.4
2076	2019	2024	3.45
2077	2019	2024	2.84
2078	2019	2024	3.03
2079	2019	2024	3
2080	2019	2024	3.15
2081	2019	2024	3.01
2082	2019	2024	3.13
2083	2019	2024	2.8
2084	2019	2024	3.13
2085	2019	2024	3.31
2086	2019	2024	3.26
2087	2019	2024	3.42
2088	2019	2024	3.09
2089	2019	2024	2.96
2090	2019	2024	3.58
2091	2019	2024	3.35
2092	2019	2024	3.48
2093	2019	2024	3.17
2094	2019	2024	3.53
2095	2019	2024	2.64
2096	2019	2024	3.07
2097	2019	2024	3
2098	2019	2024	2.81
2099	2019	2024	3.15
2100	2019	2024	3.38
2101	2019	2024	2.95
2102	2019	2024	2.58
2103	2018	2024	2.84
2104	2018	2024	2.93
2105	2018	2024	2.96
2106	2018	2024	3.37
2107	2018	2024	2.73
2108	2018	2024	3.21
2109	2018	2024	3.01
2110	2018	2024	3.15
2111	2018	2024	3.01
2112	2017	2024	3.04
2113	2017	2024	2.66
2114	2017	2024	2.86
2115	2017	2024	3.04
2116	2017	2024	3.24
2117	2017	2024	2.71
2118	2017	2024	3.33
2119	2017	2024	2.59
2120	2017	2024	2.62
2121	2019	2024	3.54
2122	2019	2024	2.37
2123	2017	2024	2.91
2124	2017	2024	2.37
2125	2017	2024	2.59
2126	2017	2024	2.56
2127	2017	2024	3.11
2128	2017	2024	2.89
2129	2017	2024	2.96
2130	2017	2024	2.67
2131	2018	2024	2.59
2132	2018	2024	3.17
2133	2018	2024	3.05
2134	2018	2024	2.59
2135	2018	2024	3.1
2136	2018	2024	3.3
2137	2018	2024	2.77
2138	2018	2024	3.21
2139	2018	2024	2.77
2140	2018	2024	3.09
2141	2018	2024	3.65
2142	2019	2024	3.28
2143	2019	2024	3
2144	2019	2024	2.87
2145	2019	2024	3.52
2146	2019	2024	3.12
2147	2019	2024	3.28
2148	2019	2024	2.95
2149	2019	2024	3.16
2150	2019	2024	3.3
2151	2019	2024	3.38
2152	2019	2024	2.95
2153	2019	2024	3.29
2154	2020	2024	3.14
2155	2020	2024	3.33
2156	2020	2024	3.45
2157	2020	2024	3.36
2158	2020	2024	3.48
2159	2020	2024	3.52
2160	2020	2024	3.13
2161	2020	2024	3.19
2162	2020	2024	3.64
2163	2020	2024	2.93
2164	2020	2024	3.5
2165	2020	2024	3.07
2166	2020	2024	3.36
2167	2020	2024	3.03
2168	2020	2024	3.28
2169	2020	2024	3.7
2170	2020	2024	3.17
2171	2020	2024	3.59
2172	2020	2024	3.28
2173	2020	2024	3.39
2174	2020	2024	3.35
2175	2020	2024	3.21
2176	2020	2024	3.14
2177	2020	2024	3.23
2178	2020	2024	3.17
2179	2020	2024	3.38
2180	2020	2024	3.46
2181	2020	2024	3.31
2182	2020	2024	3.01
2183	2020	2024	3.53
2184	2020	2024	3
2185	2020	2024	3.2
2186	2020	2024	3.09
2187	2020	2024	3.27
2188	2020	2024	3.54
2189	2020	2024	3.84
2190	2020	2024	3.46
2191	2020	2024	3.82
2192	2020	2024	3.28
2193	2020	2024	3.81
2194	2020	2024	3.54
2195	2020	2024	3.01
2196	2020	2024	3.12
2197	2020	2024	3.7
2198	2020	2024	3.5
2199	2020	2024	3.44
2200	2020	2024	3.69
2201	2020	2024	3.64
2202	2020	2024	3.83
2203	2020	2024	3.54
2204	2020	2024	3.07
2205	2020	2024	3.72
2206	2020	2024	3.78
2207	2020	2024	3.35
2208	2020	2024	3.62
2209	2020	2024	3.63
2210	2020	2024	2.95
2211	2020	2024	3.56
2212	2020	2024	3.72
2213	2020	2024	3.62
2214	2020	2024	3.25
2215	2020	2024	3.81
2216	2020	2024	3.62
2217	2020	2024	3.23
2218	2020	2024	3.75
2219	2020	2024	3.56
2220	2020	2024	3.54
2221	2020	2024	3.55
2222	2020	2024	3.4
2223	2020	2024	3.68
2224	2020	2024	3.4
2225	2020	2024	3.63
2226	2020	2024	3.5
2227	2020	2024	3.54
2228	2020	2024	3.75
2229	2020	2024	3.61
2230	2020	2024	3.59
2231	2020	2024	3.8
2232	2020	2024	3.78
2233	2020	2024	3.76
2234	2020	2024	3.5
2235	2020	2024	3.68
2236	2020	2024	3.72
2237	2020	2024	3.48
2238	2020	2024	3.6
2239	2020	2024	3.52
2240	2020	2024	3.52
2241	2020	2024	3.36
2242	2020	2024	3.7
2243	2020	2024	3.79
2244	2020	2024	3.32
2245	2020	2024	3.34
2246	2020	2024	3.72
2247	2020	2024	3.5
2248	2020	2024	3.62
2249	2020	2024	3.29
2250	2020	2024	3.75
2251	2020	2024	3.7
2252	2020	2024	3.46
2253	2020	2024	3.39
2254	2020	2024	3.79
2255	2020	2024	3.76
2256	2020	2024	3.6
2257	2020	2024	3.08
2258	2020	2024	3.39
2259	2020	2024	3.43
2260	2020	2024	3.39
2261	2020	2024	3.72
2262	2020	2024	3.29
2263	2020	2024	3.28
2264	2020	2024	3.08
2265	2020	2024	3.75
2266	2020	2024	2.99
2267	2020	2024	3.83
2268	2020	2024	3.4
2269	2020	2024	3.21
2270	2020	2024	3.36
2271	2020	2024	3.32
2272	2020	2024	3.75
2273	2020	2024	3.47
2274	2020	2024	3.26
2275	2020	2024	3.36
2276	2020	2024	3.74
2277	2020	2024	3.44
2278	2020	2024	3.26
2279	2020	2024	2.93
2280	2020	2024	3.91
2281	2020	2024	3.55
2282	2020	2024	3.48
2283	2020	2024	3.67
2284	2020	2024	3.79
2285	2020	2024	3.7
2286	2020	2024	3.41
2287	2020	2024	3.54
2288	2020	2024	3.36
2289	2020	2024	3.79
2290	2020	2024	3.59
2291	2020	2024	3.08
2292	2020	2024	3.85
2293	2020	2024	3.46
2294	2020	2024	3.26
2295	2020	2024	3.74
2296	2020	2024	3.78
2297	2020	2024	3.62
2298	2020	2024	3.78
2299	2020	2024	3.75
2300	2020	2024	3.75
2301	2021	2024	3.59
2302	2021	2024	3.28
2303	2022	2024	3.79
2304	2023	2024	2.91
2305	2023	2024	2.91
2306	2018	2025	3.07
2307	2018	2025	3.43
2308	2018	2025	3.13
2309	2018	2025	3.32
2310	2018	2025	3.43
2311	2018	2025	2.69
2312	2018	2025	2.99
2313	2018	2025	2.74
2314	2018	2025	2.47
2315	2018	2025	3.38
2316	2018	2025	2.8
2317	2018	2025	2.55
2318	2018	2025	2.81
2319	2018	2025	3.11
2320	2018	2025	3.69
2321	2018	2025	2.89
2322	2018	2025	3.3
2323	2018	2025	3.07
2324	2018	2025	3.01
2325	2018	2025	2.43
2326	2018	2025	2.94
2327	2018	2025	2.96
2328	2018	2025	3.02
2329	2018	2025	2.86
2330	2018	2025	2.86
2331	2018	2025	3.01
2332	2018	2025	3
2333	2018	2025	3.59
2334	2019	2025	2.46
2335	2019	2025	2.8
2336	2019	2025	3.09
2337	2019	2025	2.83
2338	2019	2025	3.12
2339	2019	2025	3.19
2340	2019	2025	3.5
2341	2019	2025	3.29
2342	2019	2025	3.21
2343	2019	2025	2.76
2344	2019	2025	3.49
2345	2019	2025	3.56
2346	2019	2025	2.7
2347	2019	2025	3.37
2348	2019	2025	3.42
2349	2019	2025	3.28
2350	2019	2025	3.26
2351	2019	2025	2.77
2352	2019	2025	3.15
2353	2020	2025	3.09
2354	2020	2025	3.11
2355	2020	2025	3.36
2356	2020	2025	2.69
2357	2020	2025	3.15
2358	2020	2025	3.36
2359	2020	2025	3.15
2360	2020	2025	3.04
2361	2020	2025	3.26
2362	2020	2025	2.79
2363	2020	2025	3.28
2364	2020	2025	3.16
2365	2020	2025	3.17
2366	2020	2025	3.56
2367	2020	2025	3.15
2368	2020	2025	3.45
2369	2020	2025	3.26
2370	2020	2025	3.28
2371	2020	2025	3.32
2372	2020	2025	3.4
2373	2020	2025	3.39
2374	2020	2025	3.08
2375	2020	2025	3.17
2376	2020	2025	3.27
2377	2020	2025	3.18
2378	2020	2025	2.79
2379	2020	2025	3.42
2380	2020	2025	3.01
2381	2020	2025	3.32
2382	2020	2025	3.51
2383	2020	2025	2.91
2384	2020	2025	2.75
2385	2020	2025	3.62
2386	2020	2025	3.17
2387	2020	2025	3.6
2388	2020	2025	3.19
2389	2020	2025	3.53
2390	2020	2025	3.17
2391	2020	2025	3.35
2392	2020	2025	3.46
2393	2020	2025	3.52
2394	2020	2025	3.68
2395	2020	2025	3.62
2396	2020	2025	3.63
2397	2020	2025	2.95
2398	2020	2025	3.26
2399	2020	2025	3.33
2400	2020	2025	3.44
2401	2020	2025	3.28
2402	2020	2025	3.56
2403	2020	2025	3.19
2404	2020	2025	3.76
2405	2020	2025	3.48
2406	2020	2025	3.56
2407	2020	2025	3.28
2408	2020	2025	2.88
2409	2020	2025	3.38
2410	2020	2025	3.46
2411	2020	2025	3.34
2412	2020	2025	3.53
2413	2020	2025	3.46
2414	2020	2025	3.33
2415	2020	2025	3.64
2416	2020	2025	3.35
2417	2020	2025	3.4
2418	2020	2025	3.21
2419	2020	2025	3.48
2420	2020	2025	3.3
2421	2020	2025	2.95
2422	2020	2025	2.84
2423	2020	2025	3.35
2424	2020	2025	3
2425	2020	2025	3.18
2426	2020	2025	3.07
2427	2020	2025	3.32
2428	2020	2025	3
2429	2022	2025	3.03
2430	2022	2025	3.26
2431	2023	2025	3.39
